0 0.5718954248046875 0.8867537749782798 0.611111111328125 0.9158276689834927 0.686274509765625 0.9972345725456124 0.7189542485351562 0.9972345725456124 0.6290849672851563 0.8838463857515204 0.5032679736328125 0.825698596872285 0.3741830063476563 0.7181251885317116 0.3218954248046875 0.6977734622067767 0.26143790869140626 0.7152177984361425 0.2581699345703125 0.7384769139878367 0.33660130712890624 0.7355695247610774 0.4705882353515625 0.8402355438748914 0.5718954248046875 0.8867537749782798
0 0.46078431396484376 0.47390447610773245 0.436274509765625 0.5233300964378801 0.3594771240234375 0.5029783709817549 0.23529411767578126 0.5640335482189401 0.23856209130859374 0.5785704960903563 0.2630718955078125 0.5785704960903563 0.35784313720703126 0.5146079278887923 0.419934640625 0.5320522649869679 0.48039215673828123 0.5756631059947872 0.5065359477539062 0.5727557167680278 0.516339869140625 0.5378670434404865 0.5147058823242188 0.511700538662033 0.4967320263671875 0.4826266446568202 0.41830065380859377 0.4157566880973067 0.31045751611328126 0.3983123509991312 0.2156862744140625 0.40703451954821895 0.21405228759765624 0.4186640773240661 0.29738562109375 0.40994190877497827 0.39542483642578125 0.4186640773240661 0.46078431396484376 0.47390447610773245
0 0.2156862744140625 0.7239399669852302 0.24019607861328124 0.7384769139878367 0.25163398681640625 0.7384769139878367 0.25 0.7239399669852302 0.26143790869140626 0.7064956307558644 0.2630718955078125 0.6832365152041703 0.0555555556640625 0.6628847888792355 0.04738562109375 0.6716069574283231 0.0555555556640625 0.7006808514335361 0.1307189541015625 0.7064956307558644 0.2156862744140625 0.7239399669852302
0 0.4967320263671875 0.741384303214596 0.6094771240234375 0.7617360295395308 0.5718954248046875 0.7384769139878367 0.46895424853515627 0.7123104092093832 0.38398692822265623 0.6425330634231103 0.330065359375 0.6367182841007819 0.318627451171875 0.6512552311033883 0.28267973876953123 0.6570700104257168 0.2745098037109375 0.6686995682015638 0.28267973876953123 0.6774217358818418 0.353758169921875 0.6541626203301477 0.4967320263671875 0.741384303214596
0 0.21895424853515624 0.5669409383145092 0.2042483662109375 0.5640335482189401 0.09477124169921874 0.6338108948740226 0.09477124169921874 0.6483478418766291 0.11764705859375 0.6425330634231103 0.2156862744140625 0.5843852745438749 0.21895424853515624 0.5669409383145092
0 0.4068627451171875 0.2849241633362294 0.5065359477539062 0.2791093848827107 0.6045751635742187 0.2500354908774978 0.5767973857421875 0.21514681754995654 0.5931372548828125 0.1802581442224153 0.5653594770507813 0.1860729235447437 0.5310457514648438 0.22677637532580366 0.5065359477539062 0.22677637532580366 0.4929199345703125 0.26457243788010426 0.43464052294921873 0.2791093848827107 0.34477124169921874 0.2500354908774978 0.3284313725585937 0.23259115377932235 0.3267973857421875 0.21514681754995654 0.271241830078125 0.2180542067767159 0.223856208984375 0.20351725977410948 0.1944444443359375 0.2180542067767159 0.153594771484375 0.19479509122502173 0.11601307177734375 0.2122394283231972 0.1944444443359375 0.22096159600347523 0.2418300654296875 0.2587576585577758 0.4068627451171875 0.2849241633362294
0 0.7156862744140625 0.2500354908774978 0.7532679736328125 0.22096159600347523 0.8594771240234375 0.20060987054735013 0.87254901953125 0.20642464900086882 0.87254901953125 0.19479509122502173 0.8366013071289062 0.16572119721980888 0.7777777778320313 0.15118425021720241 0.776143791015625 0.1977024813205908 0.7401960786132813 0.20933203822762816 0.6290849672851563 0.20642464900086882 0.6307189541015625 0.22386898609904432 0.6078431372070312 0.2500354908774978 0.611111111328125 0.2558502693310165 0.7156862744140625 0.2500354908774978
0 0.16830065380859374 0.31399805821025195 0.169934640625 0.29655372111207645 0.1097755048828125 0.3316193675065161 0.12418300634765625 0.34016456298870545 0.16830065380859374 0.31399805821025195
0 0 0.366331067767159 0.08169934619140624 0.36342367854039964 0.10784313720703124 0.3430719522154648 0.1094234248046875 0.33182458557775846 0.07516339892578125 0.3517941207645526 0.0049019609375 0.3517941207645526 0 0.366331067767159
0 0.9983660131835937 0.31399805821025195 0.9395424838867188 0.2936463318853171 0.8905228759765625 0.23840593310165076 0.8921568627929688 0.27038721633362295 0.9068627451171875 0.2849241633362294 0.9983660131835937 0.334349783666377 0.9983660131835937 0.31399805821025195
0 0.24346405224609374 0.31981283666377064 0.2205882353515625 0.33725717376194614 0.23529411767578126 0.3488867306689835 0.3006535947265625 0.31399805821025195 0.24346405224609374 0.31981283666377064
3 0.6258169936523438 0.4651823084274544 0.6241830063476562 0.45646013987836664 0.61764705859375 0.45646013987836664 0.6192810458984375 0.4651823084274544 0.6045751635742187 0.459367529105126 0.5947712416992188 0.46808969765421377 0.5980392158203125 0.4826266446568202 0.58986928125 0.5029783709817549 0.563725490234375 0.5000709808861858 0.558823529296875 0.5233300964378801 0.5522875815429688 0.5146079278887923 0.54248366015625 0.5320522649869679 0.5359477124023437 0.5320522649869679 0.5506535947265625 0.5378670434404865 0.5490196079101562 0.5494966012163336 0.5604575161132812 0.5640335482189401 0.5751633989257813 0.616366557775847 0.5947712416992188 0.6018296107732406 0.6503267973632813 0.6541626203301477 0.6356209150390625 0.6570700104257168 0.6290849672851563 0.6803291259774109 0.6372549018554687 0.6832365152041703 0.62745098046875 0.6890512936576889 0.6732026142578125 0.7064956307558644 0.7156862744140625 0.7035882406602953 0.723856208984375 0.7152177984361425 0.7173202612304688 0.7181251885317116 0.7205882353515625 0.7239399669852302 0.7320261435546875 0.729754745438749 0.733660130859375 0.7210325777584708 0.7467320263671875 0.7210325777584708 0.7565359477539062 0.7355695247610774 0.7565359477539062 0.7239399669852302 0.7647058823242188 0.7210325777584708 0.7647058823242188 0.7355695247610774 0.7745098037109375 0.741384303214596 0.7892156860351562 0.7268473562119896 0.8153594770507813 0.7268473562119896 0.813725490234375 0.7355695247610774 0.8202614379882812 0.7384769139878367 0.8120915034179688 0.741384303214596 0.8153594770507813 0.7501064717636838 0.7957516337890626 0.7501064717636838 0.8039215688476562 0.7588286403127714 0.8251633989257813 0.7501064717636838 0.8202614379882812 0.7588286403127714 0.8382352939453125 0.7675508079930495 0.8349673203125 0.7733655873153779 0.8529411762695313 0.7995320920938315 0.87254901953125 0.7995320920938315 0.8741830063476562 0.784995145091225 0.8839869282226562 0.7791803657688966 0.8905228759765625 0.7908099235447437 0.903594771484375 0.7908099235447437 0.9068627451171875 0.7791803657688966 0.9215686274414062 0.7820877558644657 0.941176470703125 0.7995320920938315 0.9542483662109374 0.825698596872285 0.9656862744140625 0.825698596872285 0.9705882353515625 0.8518651016507385 0.9771241831054688 0.8489577124239791 0.9885620913085937 0.8722168279756733 0.9983660131835937 0.8722168279756733 0.9983660131835937 0.8431429331016508 0.9901960786132813 0.8402355438748914 0.9983660131835937 0.8315133753258037 0.9983660131835937 0.6890512936576889 0.9901960786132813 0.6832365152041703 0.9950980390625 0.6774217358818418 0.9918300654296875 0.6657921781059948 0.9983660131835937 0.6541626203301477 0.9934640522460938 0.6454404526498697 0.9983660131835937 0.6309035056472633 0.9869281044921875 0.6134591685490878 0.9820261435546875 0.6192739478714162 0.9918300654296875 0.6221813370981755 0.9901960786132813 0.6309035056472633 0.978758169921875 0.6309035056472633 0.9771241831054688 0.6192739478714162 0.9673202612304688 0.616366557775847 0.9689542485351562 0.607644390095569 0.978758169921875 0.6105517793223284 0.9754901962890625 0.5989222215464813 0.983660130859375 0.5989222215464813 0.9852941176757812 0.607644390095569 0.9983660131835937 0.5989222215464813 0.9983660131835937 0.5902000529973935 0.9901960786132813 0.5902000529973935 0.9983660131835937 0.5843852745438749 0.9983660131835937 0.5611261589921808 0.973856208984375 0.5611261589921808 0.9656862744140625 0.5407744335360556 0.9705882353515625 0.5349596542137272 0.9656862744140625 0.5175153179843615 0.9379084965820312 0.5146079278887923 0.9117647060546875 0.4855340338835795 0.8839869282226562 0.4855340338835795 0.8709150327148437 0.46227491833188533 0.856209150390625 0.45355275065160733 0.7483660131835937 0.4419231928757602 0.7058823530273437 0.45646013987836664 0.6879084965820312 0.45646013987836664 0.6846405229492187 0.4477379713292789 0.6715686274414062 0.45646013987836664 0.6748366010742187 0.46227491833188533 0.669934640625 0.46808969765421377 0.6568627451171875 0.4709970868809731 0.653594771484375 0.4419231928757602 0.648692810546875 0.4419231928757602 0.653594771484375 0.4477379713292789 0.63235294140625 0.45355275065160733 0.6372549018554687 0.4651823084274544 0.6258169936523438 0.4651823084274544
3 0.31209150341796876 0.6134591685490878 0.3169934638671875 0.6221813370981755 0.356209150390625 0.6221813370981755 0.403594771484375 0.6367182841007819 0.4264705883789062 0.6686995682015638 0.4542483662109375 0.6919586828844483 0.4705882353515625 0.7035882406602953 0.4967320263671875 0.7035882406602953 0.5 0.7123104092093832 0.5130718955078125 0.7152177984361425 0.5196078432617187 0.6861439044309297 0.5277777778320313 0.6774217358818418 0.516339869140625 0.6745143466550825 0.5114379086914063 0.6599773996524761 0.5098039213867187 0.5785704960903563 0.4705882353515625 0.5785704960903563 0.41830065380859377 0.5378670434404865 0.36274509814453126 0.5233300964378801 0.3594771240234375 0.5233300964378801 0.30228758154296875 0.5582187697654214 0.318627451171875 0.5640335482189401 0.31209150341796876 0.5756631059947872 0.31209150341796876 0.6134591685490878